%YAML:1.0
---
cameras:
   - { T_SC:[ -9.9999000000000005e-01, 1.7480000000000000e-03,
       4.1190000000000003e-03, 6.0039932299551770e-02,
       -1.7409999999999999e-03, -9.9999700000000002e-01,
       1.7370000000000000e-03, -1.2763249178533897e-05,
       4.1219999999999998e-03, 1.7300000000000000e-03,
       9.9999000000000005e-01, -2.0000000000000000e-03, 0., 0., 0., 1. ],
       image_dimension:[ 1280, 800 ], distortion_coefficients:[
       5.7407530956720798e-01, 2.4037729309567904e-01,
       -8.1607039027327577e-01, 5.3484569330451603e-01 ],
       distortion_type:equidistant, focal_length:[
       4.8934576239454412e+02, 4.8906997790554090e+02 ],
       principal_point:[ 6.2668923348274507e+02, 4.0425441639284463e+02 ] }
   - { T_SC:[ -9.9999443959865253e-01, -5.9279237407316868e-04,
       3.2849861458685015e-03, -5.9974491903091558e-02,
       6.3487274301923715e-04, -9.9991703680890243e-01,
       1.2867194523480013e-02, 1.0118554989847844e-04,
       3.2770617073836876e-03, 1.2869396522682998e-02,
       9.9991180780292244e-01, -2.0000000000000000e-03, 0., 0., 0., 1. ],
       image_dimension:[ 1280, 800 ], distortion_coefficients:[
       5.5991069618567602e-01, 2.5515531602666647e-01,
       -6.7408181176832893e-01, 3.1621604946185738e-01 ],
       distortion_type:equidistant, focal_length:[
       4.8695210721389736e+02, 4.8753038384727142e+02 ],
       principal_point:[ 6.3149730103051900e+02, 3.6627148336717386e+02 ] }
camera_params:
   camera_rate: 25
   sigma_absolute_translation: 0.
   sigma_absolute_orientation: 0.
   sigma_c_relative_translation: 0.
   sigma_c_relative_orientation: 0.
   timestampTolerance: 5.0000000000000001e-03
Rl: !!opencv-matrix
   rows: 3
   cols: 3
   dt: d
   data: [ 9.9959690924456990e-01, -2.3993333417818574e-02,
       1.5176922619705085e-02, 2.3908709897599308e-02,
       9.9969770798596236e-01, 5.7329083932949939e-03,
       -1.5309886339733609e-02, -5.3677368708670873e-03,
       9.9986838872981154e-01 ]
Rr: !!opencv-matrix
   rows: 3
   cols: 3
   dt: d
   data: [ 9.9963801028606725e-01, -2.1437278565549223e-02,
       1.6257043981472472e-02, 2.1527197338489137e-02,
       9.9975380691287918e-01, -5.3763684728121821e-03,
       -1.6137786901004491e-02, 5.7243908766563675e-03,
       9.9985339084439229e-01 ]
Pl: !!opencv-matrix
   rows: 3
   cols: 4
   dt: d
   data: [ 5.1927647259115338e+02, 0., 6.0886489220386852e+02, 0., 0.,
       5.1927647259115338e+02, 3.8389902565028763e+02, 0., 0., 0., 1.,
       0. ]
Pr: !!opencv-matrix
   rows: 3
   cols: 4
   dt: d
   data: [ 5.1927647259115338e+02, 0., 6.0886489220386852e+02,
       -6.2637223079972244e+01, 0., 5.1927647259115338e+02,
       3.8389902565028763e+02, 0., 0., 0., 1., 0. ]
Kl: !!opencv-matrix
   rows: 3
   cols: 3
   dt: d
   data: [ 4.8934576239454412e+02, 0., 6.2668923348274507e+02, 0.,
       4.8906997790554090e+02, 4.0425441639284463e+02, 0., 0., 1. ]
Kr: !!opencv-matrix
   rows: 3
   cols: 3
   dt: d
   data: [ 4.8695210721389736e+02, 0., 6.3149730103051900e+02, 0.,
       4.8753038384727142e+02, 3.6627148336717386e+02, 0., 0., 1. ]
Dl: !!opencv-matrix
   rows: 4
   cols: 1
   dt: d
   data: [ 5.7407530956720798e-01, 2.4037729309567904e-01,
       -8.1607039027327577e-01, 5.3484569330451603e-01 ]
Dr: !!opencv-matrix
   rows: 4
   cols: 1
   dt: d
   data: [ 5.5991069618567602e-01, 2.5515531602666647e-01,
       -6.7408181176832893e-01, 3.1621604946185738e-01 ]
imu_params:
   a_max: 176.
   g_max: 30.
   sigma_g_c: 1.2000000000000000e-01
   sigma_a_c: 9.0000000000000011e-03
   sigma_bg: 1.0000000000000001e-01
   sigma_ba: 1.0000000000000000e-03
   sigma_gw_c: 4.0000000000000003e-05
   sigma_aw_c: 4.0000000000000003e-05
   tau: 3600.
   g: 9.8019967000000001e+00
   a0: [ 0., 0., 0. ]
   imu_rate: 200
   T_BS: [ 1., 0., 0., 0., 0., 1., 0., 0., 0., 0., 1., 0., 0., 0., 0.,
       1. ]
useDriver: true
publishing_options:
   publish_rate: 200
   publishLandmarks: true
   landmarkQualityThreshold: 1.0000000000000000e-02
   maximumLandmarkQuality: 5.0000000000000003e-02
   maxPathLength: 20
   publishImuPropagatedState: true
   T_Wc_W: [ 1., 0., 0., 0., 0., 1., 0., 0., 0., 0., 1., 0., 0., 0., 0.,
       1. ]
   trackedBodyFrame: B
   velocitiesFrame: Wc
Acc: !!opencv-matrix
   rows: 3
   cols: 4
   dt: d
   data: [ -6.9509999999999997e-03, 9.9966500000000003e-01,
       1.2792000000000000e-02, -1.7660000000000000e-03,
       -7.3099999999999997e-03, -7.2090000000000001e-03,
       9.9871799999999999e-01, -3.2269999999999998e-03,
       1.7951999999999999e-02, 1.5839999999999999e-03,
       -7.5220000000000000e-03, 9.9545200000000000e-01 ]
Gyr: !!opencv-matrix
   rows: 3
   cols: 4
   dt: d
   data: [ -5.2053199999999999e-01, 9.9976399999999999e-01,
       1.3013000000000000e-02, -1.0600000000000000e-03,
       2.7106700000000000e-01, -9.3869999999999995e-03,
       9.9575199999999997e-01, -1.6799999999999999e-04,
       -3.7206000000000003e-02, 3.2139999999999998e-03,
       -7.3619999999999996e-03, 9.9638099999999996e-01 ]
